2
person 0.58 0 180 132 480
person 0.97 392 29 462 214
2
person 0.60 1 174 130 480
person 0.95 395 28 460 217
2
person 0.53 0 171 131 480
person 0.97 394 28 462 217
2
person 0.46 0 171 131 480
person 0.98 392 28 465 218
2
person 0.43 1 169 129 480
person 0.98 394 29 465 216
2
person 0.46 0 169 129 480
person 0.98 393 30 466 215
2
person 0.52 2 168 129 480
person 0.98 396 30 468 214
2
person 0.54 4 161 127 480
person 0.98 401 28 465 215
2
person 0.55 5 164 128 480
person 0.98 405 27 464 215
3
person 0.34 452 72 493 232
person 0.64 7 162 126 480
person 0.98 407 30 464 212
2
person 0.64 8 158 125 480
person 0.99 408 28 465 215
2
person 0.64 7 159 126 480
person 0.98 408 27 465 216
2
person 0.60 9 152 124 480
person 0.97 409 18 465 225
2
person 0.60 10 147 124 480
person 0.98 410 17 466 227
2
person 0.65 10 145 124 480
person 0.98 412 15 466 227
2
person 0.64 10 142 123 480
person 0.98 413 13 466 230
2
person 0.60 11 143 122 480
person 0.97 410 14 468 228
2
person 0.62 12 142 122 480
person 0.97 410 14 468 228
2
person 0.65 13 140 122 480
person 0.96 411 13 469 230
2
person 0.65 12 143 122 480
person 0.94 410 14 470 227
2
person 0.66 13 145 123 480
person 0.91 409 17 471 223
3
person 0.31 401 42 487 183
person 0.68 13 145 122 480
person 0.89 415 9 462 213
2
person 0.68 13 147 122 480
person 0.92 408 18 471 222
2
person 0.68 13 147 122 480
person 0.92 409 18 471 222
2
person 0.64 12 147 122 480
person 0.93 410 14 469 227
2
person 0.63 12 148 122 480
person 0.85 408 9 472 233
2
person 0.59 11 148 123 480
person 0.86 415 10 463 213
2
person 0.52 10 154 124 480
person 0.82 415 14 464 209
2
person 0.55 9 152 124 480
person 0.90 399 18 489 222
2
person 0.56 9 152 124 480
person 0.90 399 19 490 221
2
person 0.58 10 150 122 480
person 0.95 398 28 491 212
2
person 0.60 8 151 123 480
person 0.97 400 31 489 211
2
person 0.62 7 155 124 480
person 0.99 405 28 488 221
2
person 0.57 7 156 124 480
person 0.99 407 29 489 221
2
person 0.56 6 157 125 480
person 0.99 409 30 488 221
2
person 0.57 6 157 125 480
person 0.99 409 31 488 219
2
person 0.60 7 157 126 480
person 0.99 411 39 487 217
2
person 0.58 7 158 126 480
person 0.99 411 34 491 223
2
person 0.61 6 159 128 480
person 0.99 414 25 498 231
2
person 0.57 7 156 126 480
person 0.99 419 22 500 234
2
person 0.56 8 156 126 480
person 0.98 424 4 500 251
2
person 0.58 9 155 126 480
person 0.98 424 5 500 251
2
person 0.58 12 156 125 480
person 0.98 426 0 500 257
2
person 0.63 12 158 127 480
person 0.97 425 6 501 249
2
person 0.75 11 157 129 480
person 0.97 417 31 521 231
2
person 0.73 14 160 129 480
person 0.96 419 33 518 230
2
person 0.74 15 161 131 480
person 0.97 426 21 512 238
2
person 0.74 14 162 131 480
person 0.97 426 21 512 237
2
person 0.78 13 158 135 480
person 0.98 425 22 514 231
2
person 0.82 14 157 134 480
person 0.99 428 26 513 226
4
person 0.35 404 20 446 155
person 0.45 441 80 501 205
person 0.81 14 163 135 480
person 0.99 429 24 513 224
3
person 0.42 405 21 453 174
person 0.85 18 157 133 480
person 0.99 435 20 512 226
2
person 0.83 19 152 132 480
person 1.00 438 21 515 224
2
person 0.83 19 151 133 480
person 1.00 438 20 514 224
3
person 0.32 401 16 453 177
person 0.80 23 150 135 480
person 1.00 442 18 514 227
2
person 0.76 27 149 139 480
person 1.00 444 21 515 224
2
person 0.70 30 157 143 480
person 0.99 448 26 516 216
2
person 0.53 32 175 149 472
person 0.99 451 27 515 212
2
person 0.46 37 167 168 472
person 0.99 451 24 516 215
2
person 0.45 37 167 168 471
person 0.99 451 25 516 214
2
person 0.52 38 153 169 480
person 0.99 452 27 515 214
3
person 0.31 371 17 461 137
person 0.44 42 136 167 480
person 0.99 451 27 516 217
3
person 0.39 35 175 169 435
person 0.52 372 15 459 136
person 0.99 450 29 517 215
3
person 0.48 39 174 169 437
person 0.59 371 15 460 132
person 0.99 447 29 519 217
3
person 0.55 42 164 169 445
person 0.59 372 16 459 134
person 0.99 444 30 525 218
3
person 0.54 42 163 169 446
person 0.60 372 16 458 134
person 0.99 443 30 525 218
3
person 0.50 39 141 178 466
person 0.63 371 17 459 133
person 0.99 443 34 528 213
3
person 0.53 40 143 180 460
person 0.72 376 17 454 133
person 0.99 446 29 526 219
3
person 0.49 44 141 182 464
person 0.76 379 17 452 130
person 0.99 446 38 527 211
3
person 0.46 48 149 183 458
person 0.79 381 16 450 131
person 0.98 448 30 525 220
2
person 0.75 381 15 449 131
person 0.97 448 35 525 218
2
person 0.75 381 15 449 131
person 0.98 448 34 525 218
3
person 0.38 64 135 183 480
person 0.62 381 14 448 130
person 0.96 446 28 526 223
3
person 0.54 67 145 194 480
person 0.59 382 15 448 130
person 0.95 446 25 524 225
3
person 0.52 382 15 449 129
person 0.60 61 129 211 480
person 0.95 448 28 525 222
3
person 0.55 379 16 451 129
person 0.58 59 110 224 480
person 0.95 445 29 527 220
3
person 0.67 84 148 220 480
person 0.74 383 13 448 131
person 0.95 449 27 525 221
3
person 0.66 85 146 219 480
person 0.73 383 12 448 131
person 0.95 449 27 525 221
3
person 0.67 87 143 219 480
person 0.71 380 7 451 135
person 0.96 452 28 522 217
3
person 0.68 91 133 218 480
person 0.69 381 9 452 132
person 0.96 453 27 521 218
3
person 0.57 382 6 451 136
person 0.65 93 150 215 480
person 0.97 454 30 519 214
3
person 0.58 382 6 452 136
person 0.66 94 152 215 480
person 0.97 454 28 519 217
3
person 0.48 88 179 236 457
person 0.63 382 4 452 138
person 0.98 452 30 520 215
3
person 0.45 88 177 236 459
person 0.62 382 4 452 138
person 0.98 452 31 520 215
3
person 0.59 381 5 452 137
person 0.74 115 168 215 443
person 0.98 453 32 520 214
3
person 0.61 383 2 451 139
person 0.68 114 169 217 438
person 0.98 452 32 520 214
3
person 0.30 117 176 218 424
person 0.58 382 4 452 138
person 0.98 454 29 519 216
3
person 0.42 131 128 231 473
person 0.61 382 3 452 139
person 0.98 455 29 518 217
3
person 0.51 379 0 454 142
person 0.81 134 151 240 447
person 0.97 455 27 518 219
3
person 0.51 379 0 454 143
person 0.81 134 151 240 447
person 0.97 455 26 518 220
3
person 0.36 379 0 454 141
person 0.91 140 170 242 429
person 0.97 455 27 519 219
2
person 0.78 145 141 242 447
person 0.96 455 27 519 220
2
person 0.84 143 136 263 452
person 0.97 456 29 520 217
2
person 0.85 144 155 274 432
person 0.97 457 29 518 217
2
person 0.59 145 100 278 470
person 0.97 457 29 518 216
2
person 0.59 145 100 278 470
person 0.97 457 29 518 216
2
person 0.56 159 80 262 474
person 0.97 457 28 519 216
3
person 0.32 400 21 442 110
person 0.83 159 137 266 420
person 0.97 458 26 517 218
3
person 0.30 402 19 443 110
person 0.84 164 148 265 414
person 0.97 458 29 518 215
2
person 0.87 172 141 262 419
person 0.96 458 27 517 216
2
person 0.83 170 133 276 422
person 0.96 457 31 518 214
2
person 0.83 170 134 276 422
person 0.96 457 32 519 213
2
person 0.94 179 103 270 415
person 0.97 456 27 517 216
2
person 0.97 458 22 516 220
person 0.97 170 124 285 414
2
person 0.97 458 23 518 220
person 0.98 184 120 281 396
2
person 0.96 460 22 517 221
person 0.99 192 116 282 392
2
person 0.96 460 19 517 224
person 0.98 200 111 279 390
2
person 0.96 460 18 517 224
person 0.98 200 111 278 390
2
person 0.94 204 124 278 378
person 0.95 460 21 517 223
2
person 0.85 197 109 303 386
person 0.96 461 23 517 222
2
person 0.96 207 107 299 346
person 0.97 461 24 518 220
2
person 0.98 458 24 520 221
person 0.98 212 104 301 342
2
person 0.97 214 95 306 355
person 0.98 455 29 522 217
2
person 0.97 214 94 306 355
person 0.98 455 29 522 216
2
person 0.97 218 103 305 307
person 0.98 455 29 522 217
2
person 0.94 226 95 306 317
person 0.98 453 30 524 217
2
person 0.96 231 75 319 364
person 0.99 453 30 523 216
2
person 0.97 225 80 334 368
person 0.98 452 33 523 213
2
person 0.98 235 73 330 369
person 0.99 455 32 521 213
2
person 0.98 235 74 330 369
person 0.99 454 32 522 213
2
person 0.97 241 79 330 338
person 0.99 453 33 524 213
2
person 0.98 248 71 330 344
person 0.99 451 34 524 213
2
person 0.96 255 68 327 343
person 0.98 452 31 524 215
2
person 0.96 264 82 335 364
person 0.98 454 32 522 213
2
person 0.95 267 89 338 355
person 0.98 454 34 523 211
2
person 0.95 267 89 338 355
person 0.98 454 33 522 212
2
person 0.96 274 82 345 363
person 0.99 453 32 523 212
2
person 0.98 277 40 349 374
person 0.99 453 33 522 212
2
person 0.98 287 55 341 360
person 0.99 451 36 524 209
2
person 0.96 291 41 337 375
person 0.99 451 35 523 210
2
person 0.98 297 23 334 391
person 0.99 452 36 523 209
2
person 0.98 297 24 335 390
person 0.99 452 36 523 209
2
person 0.92 293 61 337 358
person 0.99 454 33 521 210
2
person 0.96 298 54 347 361
person 0.98 456 30 520 213
2
person 0.98 297 59 351 347
person 0.98 456 32 520 212
2
person 0.93 298 54 359 350
person 0.99 454 35 522 209
1
person 0.99 452 39 523 206
1
person 0.99 452 39 523 205
1
person 0.99 452 38 522 206
1
person 0.99 451 40 522 204
1
person 0.99 449 42 521 203
1
person 0.99 450 40 520 205
1
person 0.99 451 40 519 205
2
person 0.32 461 0 506 283
person 0.99 451 38 520 206
3
person 0.30 464 0 506 278
person 0.56 236 82 323 262
person 0.99 449 40 522 206
2
person 0.60 237 83 321 261
person 0.99 449 39 522 206
3
person 0.31 464 0 506 275
person 0.58 237 82 321 262
person 0.99 448 39 522 207
3
person 0.36 465 0 506 269
person 0.80 241 81 321 262
person 0.99 448 37 523 210
2
person 0.91 239 81 327 262
person 0.99 448 39 524 208
2
person 0.91 239 81 326 262
person 0.99 448 39 524 208
2
person 0.88 244 85 320 261
person 0.99 448 38 524 209
2
person 0.60 247 88 315 273
person 0.99 449 34 523 213
2
person 0.95 247 96 319 267
person 0.98 451 34 523 214
2
person 0.96 246 96 319 272
person 0.98 451 34 524 213
2
person 0.95 243 81 322 286
person 0.98 454 34 522 213
2
person 0.95 243 81 322 286
person 0.98 454 34 522 213
2
person 0.95 246 82 315 290
person 0.98 456 34 520 214
2
person 0.96 456 35 519 214
person 0.97 233 74 329 315
2
person 0.91 458 29 518 217
person 0.96 234 71 329 319
2
person 0.86 455 33 519 219
person 0.94 236 68 324 321
2
person 0.80 450 28 520 221
person 0.86 241 61 313 326
2
person 0.83 427 47 490 268
person 0.95 238 73 293 317
2
person 0.84 427 48 489 267
person 0.95 238 73 293 316
2
person 0.90 232 70 297 320
person 0.92 438 36 489 316
2
person 0.91 442 37 503 324
person 0.97 234 75 292 314
2
person 0.97 451 20 513 373
person 0.98 234 77 290 315
2
person 0.98 454 55 518 342
person 0.99 231 75 287 318
2
person 0.98 455 53 518 344
person 0.99 231 74 287 319
2
person 0.98 456 31 533 370
person 0.99 229 82 285 318
2
person 0.99 454 64 543 342
person 0.99 226 83 284 326
2
person 0.96 222 81 287 335
person 0.97 452 71 557 333
2
person 0.83 457 51 567 359
person 0.93 219 61 285 354
2
person 0.57 443 9 587 382
person 0.76 212 43 289 379
3
person 0.57 217 33 285 408
person 0.86 207 102 269 338
person 0.90 481 39 568 376
3
person 0.59 217 32 285 409
person 0.85 207 103 269 337
person 0.90 481 39 568 376
2
person 0.82 208 90 270 349
person 0.97 490 43 568 395
4
person 0.49 219 9 282 432
person 0.61 455 1 517 242
person 0.94 211 104 269 337
person 0.99 501 42 561 373
4
person 0.54 214 14 286 430
person 0.81 455 0 515 257
person 0.96 209 99 270 344
person 0.99 510 46 561 364
3
person 0.93 207 86 271 362
person 0.95 454 7 516 237
person 0.98 514 50 574 366
3
person 0.93 206 84 271 363
person 0.95 454 6 517 239
person 0.98 514 51 574 366
3
person 0.76 206 72 265 379
person 0.93 452 7 517 238
person 0.99 521 33 578 385
3
person 0.97 454 15 517 230
person 0.98 196 110 262 344
person 0.99 534 30 581 385
4
person 0.39 264 90 343 230
person 0.98 452 20 517 225
person 0.98 192 106 264 352
person 0.99 536 34 587 376
3
person 0.96 524 65 611 344
person 0.97 452 18 516 226
person 0.98 192 120 259 342
4
person 0.33 264 94 344 226
person 0.95 192 112 257 354
person 0.97 453 22 515 223
person 0.98 531 44 612 361
4
person 0.35 265 95 343 225
person 0.94 192 113 257 352
person 0.97 453 23 515 221
person 0.98 531 44 613 361
4
person 0.32 267 95 342 225
person 0.91 175 102 250 355
person 0.98 541 50 620 347
person 0.98 453 23 514 221
3
person 0.94 552 40 621 348
person 0.94 182 99 247 362
person 0.98 453 26 515 217
3
person 0.91 178 99 243 367
person 0.92 560 34 631 335
person 0.98 453 25 513 218
4
person 0.34 264 96 343 223
person 0.85 564 36 629 335
person 0.88 167 112 246 378
person 0.98 453 24 513 219
3
person 0.82 566 6 633 363
person 0.88 161 111 243 384
person 0.98 453 22 512 220
3
person 0.89 557 67 640 322
person 0.90 159 115 246 384
person 0.99 454 27 511 215
3
person 0.89 557 67 640 322
person 0.90 159 114 246 384
person 0.99 454 27 511 214
3
person 0.85 163 116 244 387
person 0.96 558 81 640 310
person 0.98 455 26 511 215
3
person 0.80 165 115 245 390
person 0.95 581 39 635 330
person 0.99 455 25 511 217
3
person 0.87 167 109 245 401
person 0.90 590 35 635 333
person 0.99 455 24 512 218
3
person 0.90 597 0 640 393
person 0.97 177 112 241 391
person 0.99 454 27 514 217
3
person 0.81 600 0 640 369
person 0.98 175 102 239 401
person 0.98 454 27 515 217
3
person 0.80 599 0 640 368
person 0.98 174 102 240 402
person 0.98 455 27 515 217
3
person 0.72 603 24 640 338
person 0.98 453 27 516 217
person 0.98 172 107 235 392
3
person 0.78 602 4 640 353
person 0.98 172 115 234 390
person 0.98 452 26 516 218
3
person 0.74 602 0 640 365
person 0.97 169 124 234 385
person 0.98 452 25 516 221
2
person 0.93 162 126 238 387
person 0.98 451 26 517 220
2
person 0.85 153 121 229 416
person 0.98 451 27 517 219
2
person 0.84 153 122 230 415
person 0.98 451 27 517 219
2
person 0.90 143 148 239 397
person 0.99 451 28 517 217
2
person 0.90 136 147 244 404
person 0.99 452 29 517 217
2
person 0.87 139 143 239 416
person 0.99 452 29 519 217
2
person 0.82 143 153 238 433
person 0.99 452 27 518 219
2
person 0.88 127 159 249 430
person 0.99 452 27 518 218
2
person 0.88 126 159 249 430
person 0.99 452 27 518 218
2
person 0.75 107 163 262 428
person 0.99 452 29 519 217
1
person 0.98 452 28 520 218
1
person 0.99 451 31 521 215
2
person 0.31 80 176 238 422
person 0.98 449 29 522 218
2
person 0.30 119 154 241 442
person 0.99 447 30 522 218
2
person 0.31 119 154 241 442
person 0.99 447 30 522 218
1
person 0.99 449 33 522 213
1
person 0.99 449 33 523 213
3
person 0.30 268 77 337 232
person 0.39 132 151 235 449
person 0.99 448 36 523 211
3
person 0.34 268 78 338 231
person 0.50 137 153 228 448
person 0.99 448 34 524 213
3
person 0.33 139 153 223 452
person 0.37 268 78 338 230
person 0.99 447 33 524 214
3
person 0.34 139 153 223 452
person 0.34 268 77 338 232
person 0.99 447 33 524 214
1
person 0.99 448 33 523 214
2
person 0.31 268 75 338 233
person 0.99 448 35 524 212
1
person 0.99 449 31 522 214
1
person 0.99 448 32 524 213
1
person 0.99 447 34 525 212
1
person 0.99 447 34 525 212
1
person 0.99 448 35 525 211
1
person 0.99 448 35 525 212
1
person 0.99 449 33 524 214
1
person 0.99 449 33 524 214
1
person 0.99 449 33 524 213
1
person 0.99 450 33 523 214
1
person 0.99 450 32 523 216
1
person 0.99 448 30 523 216
1
person 0.99 448 31 523 215
1
person 0.99 449 34 523 212
1
person 0.99 449 36 524 211
1
person 0.99 448 35 524 211
1
person 0.99 450 36 524 211
2
person 0.43 112 147 204 452
person 0.99 449 35 523 212
2
person 0.45 116 155 200 445
person 0.99 450 33 522 213
2
person 0.42 116 170 200 432
person 0.99 449 35 524 212
2
person 0.40 112 162 202 444
person 0.99 449 34 523 212
2
person 0.37 112 162 202 444
person 0.99 449 34 523 212
2
person 0.47 113 148 203 452
person 0.99 449 33 523 212
2
person 0.53 115 148 203 454
person 0.99 450 32 522 213
2
person 0.44 111 144 207 460
person 0.99 451 35 524 212
2
person 0.49 108 151 208 455
person 0.99 452 34 523 212
2
person 0.47 109 149 208 452
person 0.99 452 34 523 213
2
person 0.48 108 149 208 453
person 0.99 451 34 523 212
2
person 0.49 112 153 206 447
person 0.99 451 34 523 212
1
person 0.99 451 33 522 213
2
person 0.32 114 156 205 446
person 0.99 451 32 522 213
2
person 0.36 113 154 204 449
person 0.99 451 32 522 213
2
person 0.36 112 155 204 448
person 0.99 452 33 522 212
2
person 0.41 112 153 204 450
person 0.99 452 33 521 212
2
person 0.53 111 150 203 453
person 0.99 452 33 521 212
2
person 0.48 111 151 203 454
person 0.99 453 33 521 212
2
person 0.54 111 151 204 454
person 0.99 453 32 521 213
2
person 0.64 110 145 203 458
person 0.99 452 31 520 213
2
person 0.56 108 139 203 465
person 0.99 452 32 520 212
2
person 0.55 108 138 203 465
person 0.99 452 32 521 213
2
person 0.46 106 144 205 462
person 0.99 452 33 521 212
2
person 0.48 110 142 203 461
person 0.99 452 33 521 212
2
person 0.48 113 148 204 453
person 0.99 453 32 521 213
2
person 0.52 119 157 202 443
person 0.99 453 34 521 211
2
person 0.62 122 160 200 437
person 0.99 451 36 521 210
2
person 0.62 122 160 200 438
person 0.99 451 36 521 209
2
person 0.47 125 164 201 432
person 0.99 450 37 522 209
2
person 0.70 118 157 204 433
person 0.99 449 37 523 210
2
person 0.68 114 162 207 427
person 0.99 449 37 523 211
2
person 0.69 116 166 206 421
person 0.99 450 37 523 211
2
person 0.79 118 163 206 425
person 0.99 452 32 522 214
2
person 0.79 117 164 206 424
person 0.99 451 34 522 213
3
person 0.31 466 0 505 268
person 0.73 121 169 204 417
person 0.99 450 38 523 209
3
person 0.32 467 0 506 267
person 0.73 117 169 206 419
person 0.99 450 40 524 207
3
person 0.32 467 0 506 266
person 0.68 120 172 207 417
person 0.99 449 42 525 206
3
person 0.35 466 0 507 267
person 0.77 121 167 205 422
person 0.99 449 43 524 205
3
person 0.38 466 0 507 263
person 0.78 120 164 207 425
person 0.99 449 43 525 205
3
person 0.37 466 0 507 264
person 0.79 121 164 207 424
person 0.99 448 44 525 204
2
person 0.75 120 166 211 422
person 0.99 450 40 524 207
2
person 0.75 130 161 220 430
person 0.99 450 37 524 211
2
person 0.86 128 159 224 429
person 0.99 449 40 524 208
2
person 0.85 126 154 231 434
person 0.99 451 37 523 211
2
person 0.87 125 156 239 430
person 0.99 450 39 523 208
2
person 0.87 125 157 239 430
person 0.99 450 38 522 209
2
person 0.86 131 159 240 429
person 0.99 450 39 523 208
2
person 0.77 142 171 236 423
person 0.99 450 41 524 206
2
person 0.64 146 180 234 416
person 0.99 450 39 524 208
2
person 0.81 138 173 241 421
person 0.99 450 37 524 209
2
person 0.79 137 179 243 411
person 0.99 451 35 523 211
2
person 0.80 137 181 243 409
person 0.99 451 33 522 212
2
person 0.86 138 175 242 412
person 0.99 451 32 521 214
2
person 0.93 150 163 251 429
person 0.99 451 32 522 213
2
person 0.95 151 166 250 427
person 0.99 450 34 522 211
2
person 0.90 153 164 248 430
person 0.99 451 35 523 211
2
person 0.76 156 159 245 433
person 0.99 451 36 523 210
2
person 0.78 156 160 245 433
person 0.99 451 37 523 209
2
person 0.76 161 166 242 427
person 0.99 451 37 523 209
2
person 0.80 166 169 240 423
person 0.99 451 35 522 210
2
person 0.91 165 182 240 409
person 0.99 451 34 521 210
2
person 0.96 167 191 246 402
person 0.99 452 32 521 212
2
person 0.96 171 180 246 409
person 0.99 452 33 520 211
2
person 0.96 171 180 245 408
person 0.99 452 33 520 211
2
person 0.93 173 173 239 412
person 0.99 453 32 519 212
2
person 0.93 169 154 248 412
person 0.99 452 34 520 210
2
person 0.99 165 160 251 395
person 0.99 453 34 520 211
2
person 0.99 169 139 250 409
person 0.99 453 36 521 210
2
person 0.99 172 131 250 412
person 0.99 452 36 521 210
2
person 0.99 172 131 249 412
person 0.99 452 36 521 210
2
person 0.99 174 122 247 419
person 0.99 452 36 521 210
2
person 0.99 170 120 249 418
person 0.99 451 36 522 211
2
person 0.99 172 123 249 416
person 0.99 450 36 522 210
2
person 0.99 172 132 250 409
person 0.99 450 35 522 212
2
person 0.99 173 125 250 414
person 0.99 450 36 521 212
2
person 0.99 174 125 250 413
person 0.99 451 36 521 212
2
person 0.99 175 117 247 419
person 0.99 451 36 521 211
2
person 0.99 175 122 248 414
person 0.99 451 36 522 210
2
person 0.98 179 121 246 414
person 0.99 451 35 521 210
2
person 0.99 178 131 247 404
person 0.99 451 36 521 209
2
person 0.99 179 129 246 408
person 0.99 450 34 521 210
2
person 0.99 179 130 246 408
person 0.99 450 34 521 210
2
person 0.98 182 127 244 409
person 0.99 449 36 521 209
2
person 0.98 183 122 243 412
person 0.99 448 36 522 208
2
person 0.96 185 120 243 414
person 0.99 448 37 522 207
2
person 0.94 184 124 245 410
person 0.99 448 37 522 205
2
person 0.97 182 135 242 374
person 0.99 449 38 522 204
2
person 0.97 183 135 242 374
person 0.99 449 38 522 205
2
person 0.97 180 137 244 369
person 0.99 449 38 522 205
2
person 0.96 182 135 243 371
person 0.99 449 36 521 205
2
person 0.97 182 132 245 366
person 0.99 450 34 519 208
2
person 0.96 182 129 246 369
person 0.99 450 30 518 211
2
person 0.96 179 117 249 375
person 0.99 450 30 518 212
2
person 0.96 179 119 248 374
person 0.99 450 31 518 211
2
person 0.94 180 120 250 371
person 0.99 450 31 518 211
2
person 0.92 180 114 252 376
person 0.99 449 31 518 211
2
person 0.92 181 90 266 401
person 0.99 449 31 518 210
3
person 0.32 267 71 341 238
person 0.93 180 99 268 391
person 0.99 449 30 517 211
3
person 0.40 267 73 341 235
person 0.97 180 107 269 383
person 0.99 449 31 518 210
3
person 0.45 267 74 341 234
person 0.97 180 107 269 383
person 0.99 449 31 518 210
3
person 0.46 267 77 341 231
person 0.97 182 108 268 382
person 0.99 449 31 519 209
3
person 0.47 266 77 342 231
person 0.98 185 117 264 371
person 0.99 449 33 519 207
3
person 0.38 267 77 340 235
person 0.98 189 119 262 368
person 0.99 450 32 519 207
3
person 0.45 266 80 342 234
person 0.97 187 109 266 377
person 0.99 450 35 519 205
2
person 0.97 188 111 267 375
person 0.99 450 38 520 202
2
person 0.97 188 109 267 376
person 0.99 450 38 520 202
3
person 0.36 266 77 341 239
person 0.98 197 106 265 364
person 0.99 450 37 520 203
3
person 0.39 265 78 341 240
person 0.99 449 36 521 203
person 0.99 201 109 268 356
2
person 0.99 449 35 521 204
person 0.99 199 107 272 351
2
person 0.99 449 36 521 203
person 0.99 203 113 272 334
2
person 0.99 450 34 520 205
person 0.99 206 110 272 331
2
person 0.99 450 35 520 204
person 0.99 206 111 272 331
2
person 0.99 450 35 521 204
person 0.99 208 102 273 336
2
person 0.99 208 102 274 335
person 0.99 449 38 521 201
2
person 0.99 206 108 276 329
person 0.99 448 41 524 200
2
person 0.99 206 115 276 321
person 0.99 448 42 524 199
2
person 0.98 207 113 276 323
person 0.99 449 43 523 198
2
person 0.98 207 112 276 324
person 0.99 450 42 522 199
2
person 0.98 208 111 275 325
person 0.99 449 41 522 200
2
person 0.97 208 110 275 327
person 0.99 449 40 523 202
2
person 0.94 209 102 274 335
person 0.99 449 40 523 202
2
person 0.91 217 62 265 357
person 0.99 449 38 523 203
2
person 0.87 216 58 267 359
person 0.99 449 38 523 204
2
person 0.86 216 59 267 358
person 0.99 449 38 523 204
2
person 0.80 213 52 269 364
person 0.99 449 38 523 204
2
person 0.91 215 60 267 357
person 0.99 448 38 524 204
2
person 0.94 214 67 269 349
person 0.99 447 38 524 204
2
person 0.95 213 78 270 336
person 0.99 448 39 524 203
2
person 0.96 211 94 274 319
person 0.99 448 38 525 204
2
person 0.96 209 71 285 344
person 0.99 448 37 524 206
2
person 0.96 209 70 286 345
person 0.99 449 37 524 206
2
person 0.97 208 65 287 346
person 0.99 448 37 525 205
2
person 0.96 205 71 290 339
person 0.99 448 38 525 205
2
person 0.97 204 74 291 333
person 0.99 447 38 525 205
2
person 0.98 205 72 291 333
person 0.99 448 39 525 205
2
person 0.98 204 69 292 333
person 0.99 448 40 525 204
2
person 0.98 204 70 292 333
person 0.99 448 40 525 204
2
person 0.98 207 63 288 338
person 0.99 448 40 525 203
2
person 0.97 207 63 288 337
person 0.99 448 40 525 203
2
person 0.96 209 59 287 340
person 0.99 448 40 525 204
2
person 0.95 206 66 290 333
person 0.99 448 40 526 204
2
person 0.95 206 66 290 333
person 0.99 447 40 526 205
2
person 0.96 207 61 288 332
person 0.99 447 39 526 205
2
person 0.96 209 65 286 328
person 0.99 448 39 525 205
2
person 0.98 208 78 287 317
person 0.99 448 39 525 205
2
person 0.98 208 72 287 321
person 0.99 448 39 525 205
2
person 0.99 209 77 286 314
person 0.99 448 40 525 205
2
person 0.99 209 82 287 308
person 0.99 447 40 526 204
2
person 0.99 209 83 287 308
person 0.99 447 40 526 205
2
person 0.99 208 78 287 312
person 0.99 447 40 526 205
2
person 0.99 211 79 285 310
person 0.99 448 39 526 205
2
person 0.99 212 85 285 303
person 0.99 448 39 526 205
2
person 0.99 212 86 284 303
person 0.99 449 39 525 205
2
person 0.99 212 84 284 303
person 0.99 449 38 525 206
2
person 0.99 213 85 284 302
person 0.99 449 38 525 206
2
person 0.99 449 37 525 207
person 0.99 213 92 284 296
2
person 0.99 450 36 525 208
person 0.99 215 93 283 294
2
person 0.99 451 37 524 208
person 0.99 215 94 283 294
2
person 0.99 451 36 524 208
person 0.99 216 95 282 293
2
person 0.99 451 36 524 207
person 0.99 218 97 282 290
2
person 0.99 451 35 523 209
person 0.99 218 98 282 290
2
person 0.99 451 35 523 209
person 1.00 221 99 282 289
2
person 0.99 450 34 522 210
person 0.99 220 94 283 295
2
person 0.99 450 36 521 207
person 0.99 220 97 282 292
2
person 0.99 450 36 521 207
person 0.99 219 94 282 295
2
person 0.99 219 92 282 297
person 0.99 451 33 521 210
2
person 0.99 219 92 282 297
person 0.99 451 33 521 210
2
person 0.99 217 89 282 301
person 0.99 452 34 521 209
2
person 0.99 215 88 282 302
person 0.99 451 35 522 209
2
person 0.99 214 90 284 300
person 0.99 452 33 522 211
2
person 0.99 213 89 284 301
person 0.99 452 34 522 210
2
person 0.99 214 92 284 299
person 0.99 453 33 521 211
2
person 0.99 214 92 284 299
person 0.99 453 33 522 211
2
person 0.99 452 34 522 211
person 0.99 214 93 283 298
2
person 0.99 451 34 523 211
person 0.99 215 94 282 298
2
person 0.99 214 89 283 303
person 0.99 450 35 523 209
2
person 0.99 213 87 283 305
person 0.99 449 35 523 210
2
person 0.98 212 82 284 309
person 0.99 450 36 523 210
2
person 0.98 212 82 284 309
person 0.99 450 36 523 210
2
person 0.98 210 87 285 308
person 0.99 450 36 523 209
2
person 0.98 213 93 283 304
person 0.99 450 35 523 209
2
person 0.98 213 96 282 304
person 0.99 450 34 523 210
2
person 0.98 214 97 283 304
person 0.99 451 33 522 212
2
person 0.98 213 94 285 307
person 0.99 450 33 522 211
2
person 0.98 213 93 285 307
person 0.99 450 32 523 211
2
person 0.98 213 88 285 312
person 0.99 449 31 522 213
2
person 0.97 212 83 284 316
person 0.99 447 29 523 216
2
person 0.97 212 82 284 316
person 0.99 449 27 521 217
2
person 0.97 211 76 284 321
person 0.99 450 28 520 215
2
person 0.95 210 70 285 328
person 0.99 450 26 520 218
2
person 0.95 210 70 285 328
person 0.99 450 26 520 218
2
person 0.94 211 68 284 328
person 0.99 451 27 520 216
2
person 0.94 211 70 285 328
person 0.99 452 27 519 216
2
person 0.95 208 74 287 326
person 0.99 451 23 518 219
2
person 0.95 209 77 276 319
person 0.99 452 25 518 217
2
person 0.97 209 86 276 310
person 0.99 452 25 517 217
2
person 0.97 209 86 276 309
person 0.99 452 25 517 217
2
person 0.96 210 86 275 309
person 0.98 452 24 517 217
2
person 0.96 207 86 277 310
person 0.99 453 22 517 218
2
person 0.95 209 92 276 305
person 0.99 453 24 517 217
2
person 0.89 204 95 281 299
person 0.99 452 21 516 219
2
person 0.94 208 86 274 305
person 0.99 451 19 517 221
2
person 0.94 208 86 274 306
person 0.99 452 19 517 220
2
person 0.97 205 99 277 292
person 0.99 451 19 517 221
2
person 0.95 204 102 278 288
person 0.99 452 19 517 220
3
person 0.58 225 37 271 357
person 0.92 206 107 275 284
person 0.98 453 18 517 222
3
person 0.43 223 20 273 372
person 0.93 204 104 276 286
person 0.99 454 19 517 221
3
person 0.43 221 10 274 382
person 0.95 205 108 275 281
person 0.99 452 20 518 221
3
person 0.44 221 7 274 385
person 0.94 205 107 275 282
person 0.99 452 21 519 220
3
person 0.46 224 22 271 369
person 0.95 207 114 274 275
person 0.99 453 20 517 221
3
person 0.38 221 17 273 372
person 0.98 207 109 274 279
person 0.98 452 22 517 218
2
person 0.98 452 23 517 217
person 0.99 207 104 273 285
2
person 0.99 206 104 273 286
person 0.99 451 24 518 217
2
person 0.99 208 93 271 296
person 0.99 452 23 517 219
2
person 0.99 208 93 271 296
person 0.99 452 24 517 218
2
person 0.97 209 96 272 291
person 0.99 453 23 517 218
2
person 0.97 209 99 274 289
person 0.99 453 27 518 215
2
person 0.98 209 97 273 292
person 0.99 453 27 519 215
2
person 0.97 210 101 273 288
person 0.99 454 26 520 216
2
person 0.98 207 92 273 296
person 0.99 454 26 520 219
2
person 0.98 208 92 273 296
person 0.99 454 27 521 218
2
person 0.96 209 97 271 291
person 0.98 453 26 521 220
2
person 0.95 209 90 270 297
person 0.98 453 24 521 222
2
person 0.94 215 79 265 294
person 0.98 452 27 523 220
2
person 0.94 213 104 270 282
person 0.97 452 28 523 219
2
person 0.95 217 85 266 289
person 0.97 451 28 523 219
2
person 0.95 216 85 266 289
person 0.98 451 29 523 218
2
person 0.96 217 88 266 286
person 0.97 450 29 523 218
2
person 0.97 451 25 522 221
person 0.97 216 79 268 290
2
person 0.96 452 26 521 220
person 0.98 217 80 268 289
2
person 0.96 452 26 521 220
person 0.99 216 89 268 278
2
person 0.96 451 26 522 221
person 0.99 216 87 267 277
2
person 0.96 451 27 521 219
person 0.99 216 88 268 275
2
person 0.97 451 27 521 220
person 0.99 213 90 269 273
2
person 0.96 452 26 521 221
person 0.99 213 90 269 272
2
person 0.96 452 26 521 220
person 0.99 211 92 270 269
2
person 0.96 453 27 521 221
person 0.98 211 87 270 275
2
person 0.97 453 28 520 220
person 0.98 209 94 271 268
2
person 0.97 453 26 520 222
person 0.98 209 93 271 268
2
person 0.96 454 28 520 220
person 0.99 209 94 271 267
2
person 0.96 456 28 519 220
person 0.98 210 95 267 270
2
person 0.95 455 28 519 221
person 0.98 209 99 266 267
2
person 0.93 454 27 520 223
person 0.98 209 102 265 264
2
person 0.95 452 27 521 221
person 0.98 208 103 264 266
2
person 0.96 452 27 521 221
person 0.98 208 103 264 266
2
person 0.96 453 29 522 220
person 0.98 207 101 259 268
2
person 0.97 455 27 519 220
person 0.99 205 104 256 264
2
person 0.97 457 29 518 217
person 0.99 203 109 254 261
2
person 0.97 457 28 517 216
person 0.98 202 109 253 260
2
person 0.98 456 29 517 216
person 0.98 199 105 252 264
2
person 0.98 456 29 517 216
person 0.98 199 105 252 263
2
person 0.96 198 102 252 267
person 0.98 457 25 516 217
2
person 0.94 199 86 250 283
person 0.98 457 25 517 218
2
person 0.94 198 85 250 283
person 0.98 457 24 517 218
2
person 0.93 198 87 249 281
person 0.98 456 24 517 219
2
person 0.93 197 89 249 280
person 0.98 455 25 517 217
2
person 0.94 195 88 251 282
person 0.99 454 26 519 215
2
person 0.91 194 84 252 285
person 0.98 454 27 519 214
2
person 0.89 195 81 252 288
person 0.99 454 28 519 213
2
person 0.91 194 80 252 287
person 0.98 454 27 519 214
2
person 0.91 195 80 252 287
person 0.99 454 27 518 214
2
person 0.92 195 85 251 284
person 0.99 454 28 518 214
2
person 0.93 195 85 251 283
person 0.99 454 28 518 214
2
person 0.92 196 82 251 286
person 0.99 453 28 519 214
2
person 0.88 197 85 250 284
person 0.99 453 29 520 213
2
person 0.90 197 84 251 282
person 0.99 453 28 519 214
2
person 0.91 197 84 250 281
person 0.99 453 28 518 214
2
person 0.89 197 86 250 278
person 0.99 453 29 518 213
2
person 0.89 197 86 250 279
person 0.99 453 29 518 213
2
person 0.90 197 89 250 276
person 0.99 453 28 518 214
2
person 0.92 196 82 250 281
person 0.99 453 28 518 214
2
person 0.91 197 88 249 276
person 0.98 454 27 518 215
3
person 0.83 170 114 269 250
person 0.92 198 95 248 271
person 0.98 454 26 518 216
3
person 0.80 172 112 267 253
person 0.94 199 94 248 272
person 0.98 454 27 518 216
2
person 0.94 199 95 248 272
person 0.98 454 28 518 215
2
person 0.95 200 98 247 270
person 0.98 454 28 519 215
3
person 0.87 170 113 268 253
person 0.95 197 90 249 277
person 0.98 453 30 519 214
3
person 0.87 171 111 268 254
person 0.94 198 84 248 282
person 0.98 452 32 519 213
3
person 0.88 170 111 269 255
person 0.93 198 86 248 281
person 0.98 452 33 520 213
3
person 0.90 172 110 266 256
person 0.92 199 87 247 281
person 0.98 452 32 520 213
3
person 0.89 173 110 266 256
person 0.93 199 89 247 280
person 0.98 452 32 520 213
2
person 0.93 199 89 248 279
person 0.99 452 31 520 214
2
person 0.94 199 93 247 274
person 0.99 453 29 519 216
2
person 0.94 199 91 247 277
person 0.99 453 30 519 215
2
person 0.93 199 92 247 276
person 0.99 452 31 520 214
2
person 0.92 199 94 247 275
person 0.99 452 30 520 215
2
person 0.92 199 94 247 275
person 0.99 452 31 520 215
2
person 0.94 198 95 248 274
person 0.99 453 31 518 214
2
person 0.94 198 95 248 274
person 0.99 453 30 518 214
2
person 0.93 199 89 247 278
person 0.99 452 31 518 213
2
person 0.92 200 87 246 280
person 0.99 452 29 518 215
2
person 0.94 198 93 248 275
person 0.99 451 31 519 214
2
person 0.95 198 93 248 276
person 0.99 450 31 519 214
2
person 0.94 198 89 248 277
person 0.99 451 32 519 213
2
person 0.93 198 86 248 281
person 0.99 450 33 519 212
3
person 0.84 171 107 268 256
person 0.93 199 88 248 278
person 0.99 451 34 519 211
2
person 0.93 199 81 248 283
person 0.99 452 34 519 211
2
person 0.91 199 74 247 289
person 0.99 452 33 519 211
2
person 0.92 199 74 247 289
person 0.99 452 33 520 211
2
person 0.89 199 73 248 291
person 0.99 451 33 520 212
2
person 0.91 200 76 249 290
person 0.99 451 32 520 213
2
person 0.88 199 75 250 292
person 0.99 451 31 520 214
2
person 0.85 196 73 253 292
person 0.99 451 31 520 214
2
person 0.91 198 82 250 285
person 0.99 451 30 520 215
2
person 0.91 198 82 250 284
person 0.99 451 30 521 215
2
person 0.97 197 92 251 272
person 0.99 451 31 521 214
3
person 0.35 276 70 344 240
person 0.97 198 89 250 273
person 0.99 452 31 521 214
3
person 0.36 277 69 343 240
person 0.98 197 92 250 273
person 0.99 452 30 521 214
3
person 0.45 279 70 342 239
person 0.98 195 88 253 275
person 0.99 452 29 521 215
3
person 0.45 279 70 342 240
person 0.97 194 92 254 275
person 0.99 452 28 520 216
3
person 0.44 279 70 342 240
person 0.97 194 91 254 276
person 0.99 451 29 520 216
3
person 0.51 280 71 342 239
person 0.95 195 88 252 283
person 0.99 451 28 520 216
3
person 0.58 281 77 342 233
person 0.96 196 91 255 280
person 0.99 452 29 521 216
3
person 0.62 282 79 341 230
person 0.95 198 96 254 276
person 0.99 451 29 521 216
3
person 0.69 280 81 341 227
person 0.96 198 90 254 280
person 0.99 451 29 521 215
3
person 0.49 279 79 341 231
person 0.94 198 82 251 290
person 0.99 451 29 521 216
3
person 0.48 279 79 341 232
person 0.94 198 82 252 290
person 0.99 451 30 521 216
2
person 0.94 198 77 251 295
person 0.99 451 30 521 217
3
person 0.47 278 79 341 230
person 0.96 198 73 251 299
person 0.99 450 30 521 217
3
person 0.35 277 78 342 234
person 0.96 197 74 251 298
person 0.99 450 32 522 215
3
person 0.33 277 78 342 234
person 0.97 198 78 251 294
person 0.99 451 29 521 216
2
person 0.97 198 82 252 290
person 0.99 454 24 518 218
2
person 0.97 198 82 252 290
person 0.99 454 23 518 219
2
person 0.98 198 84 252 288
person 0.99 454 23 518 219
2
person 0.98 199 83 252 288
person 0.99 455 23 517 217
2
person 0.98 201 84 250 290
person 0.99 455 24 517 216
2
person 0.98 190 95 257 290
person 0.99 455 25 517 215
2
person 0.98 191 98 258 287
person 0.99 455 24 517 216
2
person 0.98 191 98 258 287
person 0.99 455 24 517 216
2
person 0.98 191 96 258 289
person 0.99 455 25 517 215
2
person 0.98 193 94 257 292
person 0.99 455 25 516 215
2
person 0.98 192 93 256 293
person 0.99 455 24 517 216
2
person 0.98 192 93 257 294
person 0.99 455 24 517 216
3
person 0.30 274 70 345 241
person 0.98 192 91 255 298
person 0.99 455 22 518 218
2
person 0.98 192 90 255 303
person 0.99 455 23 518 218
3
person 0.37 275 73 344 235
person 0.98 191 90 255 303
person 0.99 455 23 518 218
3
person 0.40 275 72 345 235
person 0.98 191 87 254 310
person 0.99 455 23 517 217
3
person 0.51 277 77 344 230
person 0.97 192 85 253 316
person 0.99 453 24 517 216
3
person 0.51 276 75 344 230
person 0.96 193 82 252 325
person 0.99 452 26 518 215
3
person 0.58 277 76 345 228
person 0.96 191 99 248 308
person 0.99 452 26 518 214
3
person 0.52 276 75 345 230
person 0.96 191 98 248 308
person 0.99 452 26 518 214
3
person 0.57 277 78 345 226
person 0.96 190 102 248 309
person 0.99 451 26 519 215
3
person 0.55 276 76 345 227
person 0.97 189 104 248 307
person 0.99 451 25 520 216
3
person 0.56 277 78 344 224
person 0.97 192 102 244 314
person 0.99 451 28 520 213
4
person 0.30 463 0 506 276
person 0.47 274 73 344 229
person 0.98 193 98 242 317
person 0.99 448 31 521 213
3
person 0.57 275 76 344 225
person 0.98 191 102 243 312
person 0.99 449 31 522 214
3
person 0.47 275 76 343 226
person 0.98 189 93 242 318
person 0.99 450 30 521 214
3
person 0.47 275 75 342 227
person 0.98 189 93 242 318
person 0.99 450 30 521 214
3
person 0.50 275 76 342 226
person 0.98 188 92 241 320
person 0.99 449 30 522 216
3
person 0.43 274 71 342 231
person 0.97 188 88 241 323
person 0.99 449 29 523 217
3
person 0.38 274 69 343 235
person 0.97 188 84 240 327
person 0.99 449 28 522 218
3
person 0.40 274 49 347 216
person 0.97 187 82 240 324
person 0.99 449 29 522 216
3
person 0.50 274 49 347 216
person 0.98 188 87 239 319
person 0.99 449 32 523 215
3
person 0.49 275 50 347 214
person 0.98 188 88 239 318
person 0.99 449 32 523 215
4
person 0.33 466 0 505 262
person 0.57 275 52 348 213
person 0.98 188 88 238 316
person 0.99 447 30 523 216
3
person 0.61 275 56 348 209
person 0.98 188 92 239 317
person 0.99 448 31 522 216
3
person 0.60 275 56 348 209
person 0.98 187 92 240 315
person 0.99 449 31 522 217
3
person 0.62 275 58 348 207
person 0.97 184 86 243 316
person 0.99 450 32 522 217
3
person 0.53 274 56 348 209
person 0.98 185 96 242 307
person 0.98 450 33 522 216
3
person 0.52 275 56 347 209
person 0.98 185 96 243 307
person 0.98 450 32 523 217
3
person 0.51 275 56 347 209
person 0.98 450 35 523 214
person 0.99 188 94 241 310
3
person 0.47 275 57 348 208
person 0.98 188 105 245 301
person 0.98 450 32 524 216
3
person 0.53 276 56 347 208
person 0.98 188 104 244 302
person 0.99 450 32 524 216
3
person 0.52 276 57 347 207
person 0.98 188 104 244 301
person 0.99 450 33 524 215
3
person 0.49 276 57 347 207
person 0.98 189 107 244 299
person 0.98 450 31 524 217
3
person 0.50 276 57 347 207
person 0.98 189 107 244 299
person 0.98 450 31 524 217
3
person 0.50 276 56 347 208
person 0.98 189 113 244 292
person 0.98 451 31 524 218
3
person 0.55 275 57 347 208
person 0.98 189 113 244 291
person 0.98 450 33 525 216
3
person 0.53 275 56 347 209
person 0.98 190 112 243 290
person 0.98 449 34 525 215
3
person 0.54 275 56 347 208
person 0.98 190 109 244 294
person 0.98 449 34 525 215
3
person 0.52 275 54 347 211
person 0.98 191 108 243 296
person 0.98 448 33 526 216
3
person 0.55 275 54 347 210
person 0.98 191 108 244 296
person 0.98 448 34 526 216
3
person 0.54 275 55 347 209
person 0.97 192 110 243 296
person 0.98 449 35 526 215
3
person 0.53 276 57 348 208
person 0.98 190 110 245 292
person 0.98 448 35 525 214
3
person 0.55 276 57 348 208
person 0.98 190 105 244 296
person 0.98 448 36 526 213
3
person 0.56 276 56 347 209
person 0.98 191 102 244 298
person 0.98 449 36 525 213
3
person 0.51 275 55 347 210
person 0.98 449 35 525 213
person 0.99 192 106 242 296
3
person 0.48 275 54 347 211
person 0.98 449 36 525 213
person 0.99 192 106 242 296
3
person 0.43 275 53 347 212
person 0.98 448 36 525 214
person 0.99 193 105 242 297
3
person 0.41 275 52 347 213
person 0.98 448 35 525 214
person 0.99 193 105 243 297
3
person 0.39 275 48 346 216
person 0.98 449 34 525 216
person 0.99 193 107 244 295
3
person 0.46 275 50 348 215
person 0.98 448 36 526 213
person 0.99 192 112 244 292
3
person 0.48 274 72 343 229
person 0.98 446 39 527 212
person 0.99 192 112 243 292
3
person 0.46 274 70 343 231
person 0.98 446 38 527 212
person 0.99 192 113 243 292
3
person 0.47 274 72 343 230
person 0.98 191 114 244 289
person 0.98 446 38 527 212
3
person 0.49 274 72 343 231
person 0.97 190 116 247 284
person 0.98 446 38 527 212
3
person 0.53 275 72 343 230
person 0.95 189 119 249 281
person 0.98 446 38 527 212
3
person 0.49 275 72 343 231
person 0.96 190 115 249 285
person 0.98 447 39 527 211
3
person 0.34 273 70 343 235
person 0.93 190 114 249 282
person 0.98 447 36 526 214
3
person 0.35 273 68 343 237
person 0.93 193 97 252 304
person 0.98 447 36 526 213
3
person 0.32 468 0 505 262
person 0.94 193 94 253 305
person 0.98 447 36 526 214
3
person 0.31 468 0 505 261
person 0.96 194 92 255 312
person 0.98 448 36 526 213
3
person 0.31 468 0 505 260
person 0.97 196 100 256 298
person 0.98 448 38 526 211
3
person 0.35 468 0 506 259
person 0.98 447 37 527 212
person 0.99 199 111 258 287
2
person 0.96 203 104 267 296
person 0.98 449 33 525 217
2
person 0.96 203 104 268 296
person 0.98 449 33 525 216
2
person 0.98 449 35 525 215
person 0.99 202 108 274 285
3
person 0.53 275 83 343 224
person 0.98 447 36 526 214
person 0.99 203 102 277 290
4
person 0.31 468 0 506 261
person 0.57 276 88 342 219
person 0.98 205 95 276 299
person 0.98 447 38 527 212
3
person 0.31 468 0 506 260
person 0.97 205 92 277 301
person 0.98 447 38 527 211
4
person 0.31 468 0 506 260
person 0.44 272 87 343 219
person 0.95 201 98 280 291
person 0.98 448 37 526 212
3
person 0.45 272 87 344 220
person 0.95 201 98 280 292
person 0.99 448 37 526 212
4
person 0.31 467 0 506 260
person 0.43 270 81 342 226
person 0.89 213 76 284 311
person 0.99 448 37 526 211
3
person 0.30 468 0 506 261
person 0.96 210 86 288 304
person 0.99 447 39 527 210
2
person 0.91 215 88 287 301
person 0.99 448 38 526 210
2
person 0.92 215 105 288 283
person 0.99 448 37 526 211
3
person 0.30 468 0 506 262
person 0.97 215 104 290 284
person 0.99 447 39 527 209
3
person 0.31 467 0 507 262
person 0.97 215 104 290 284
person 0.99 447 39 527 209
3
person 0.32 467 0 507 263
person 0.98 218 108 288 278
person 0.99 447 39 527 208
3
person 0.33 467 0 507 264
person 0.97 224 110 285 275
person 0.99 447 39 527 208
3
person 0.33 467 0 507 264
person 0.98 235 106 286 267
person 0.99 447 39 526 208
3
person 0.33 467 0 507 266
person 0.98 237 101 287 263
person 0.99 447 37 526 209
3
person 0.32 467 0 507 267
person 0.98 236 91 291 273
person 0.99 448 37 526 210
3
person 0.31 467 0 507 268
person 0.98 236 91 291 273
person 0.99 448 37 526 210
3
person 0.33 467 0 507 270
person 0.96 236 94 297 269
person 0.99 447 37 525 210
3
person 0.32 467 0 507 269
person 0.90 239 83 295 281
person 0.99 448 38 526 209
3
person 0.31 467 0 507 269
person 0.86 246 82 315 279
person 0.99 448 38 525 209
3
person 0.30 467 0 507 272
person 0.89 245 84 323 272
person 0.98 448 37 525 210
2
person 0.77 250 95 321 271
person 0.98 449 37 525 210
2
person 0.81 250 95 322 270
person 0.98 449 37 525 209
2
person 0.86 254 102 318 267
person 0.99 450 38 524 208
2
person 0.96 256 105 316 265
person 0.99 449 37 524 209
2
person 0.93 258 108 316 263
person 0.99 450 36 523 209
2
person 0.91 252 105 320 258
person 0.98 450 35 523 210
2
person 0.86 251 99 325 253
person 0.98 450 34 522 212
2
person 0.86 251 99 325 253
person 0.98 450 34 522 211
2
person 0.70 253 97 324 251
person 0.98 450 33 522 212
2
person 0.83 253 91 327 260
person 0.98 449 33 522 213
2
person 0.72 255 98 323 254
person 0.98 450 33 522 212
2
person 0.63 259 101 321 255
person 0.98 450 35 522 211
2
person 0.32 258 102 322 256
person 0.98 450 35 523 212
2
person 0.30 258 101 321 257
person 0.98 451 35 523 211
2
person 0.45 259 109 322 254
person 0.98 451 36 522 211
1
person 0.98 450 36 523 210
1
person 0.98 451 36 522 210
1
person 0.98 451 35 522 211
1
person 0.98 452 34 522 211
1
person 0.98 451 35 522 211
1
person 0.98 452 33 521 212
1
person 0.98 454 31 520 214
1
person 0.98 455 31 519 214
1
person 0.98 455 29 518 216
1
person 0.98 454 31 519 214
1
person 0.98 454 31 519 214
1
person 0.98 453 33 520 212
1
person 0.98 453 34 520 211
1
person 0.98 453 34 521 212
1
person 0.98 454 33 519 213
1
person 0.98 454 33 519 213
1
person 0.98 454 34 520 212
1
person 0.98 452 33 520 214
1
person 0.98 452 32 520 215
1
person 0.98 451 32 520 215
1
person 0.98 451 32 520 214
1
person 0.98 452 31 520 214
1
person 0.98 452 32 520 214
1
person 0.98 451 35 521 211
2
person 0.37 467 0 507 277
person 0.98 450 39 521 210
2
person 0.41 467 0 506 271
person 0.98 450 41 521 209
2
person 0.40 467 0 506 266
person 0.98 450 43 521 207
2
person 0.39 467 0 506 268
person 0.98 451 41 521 209
2
person 0.40 467 0 506 269
person 0.98 450 40 521 209
2
person 0.44 467 0 506 272
person 0.98 448 35 523 214
2
person 0.36 467 0 505 274
person 0.98 446 32 523 216
2
person 0.33 465 0 506 278
person 0.99 449 29 521 217
1
person 0.99 449 29 522 217
1
person 0.99 451 30 522 216
1
person 0.98 450 31 523 215
1
person 0.98 451 31 522 215
1
person 0.98 451 31 521 215
1
person 0.97 453 27 520 220
1
person 0.96 453 33 522 214
2
person 0.30 470 0 505 266
person 0.97 451 34 524 214
1
person 0.97 452 34 523 214
2
person 0.41 468 0 505 263
person 0.97 451 32 522 216
1
person 0.97 450 37 524 211
1
person 0.97 451 31 523 216
1
person 0.97 452 35 522 213
1
person 0.98 452 29 521 218
1
person 0.98 452 28 521 218
1
person 0.98 451 32 523 214
1
person 0.99 450 33 524 213
1
person 0.99 449 32 524 213
1
person 0.99 450 31 523 213
1
person 0.99 450 32 523 211
1
person 0.99 450 32 523 211
1
person 0.99 450 31 523 211
1
person 0.99 450 29 521 213
1
person 0.99 450 29 521 214
1
person 0.99 450 29 522 213
1
person 0.99 451 27 521 215
1
person 0.99 451 27 521 215
1
person 0.99 450 26 522 217
1
person 0.99 450 25 522 218
1
person 0.99 451 24 521 218
1
person 0.99 451 27 521 216
1
person 0.99 451 28 522 215
1
person 0.99 451 28 521 215
1
person 0.99 451 30 522 213
1
person 0.99 452 26 521 216
1
person 0.99 453 23 520 218
1
person 0.99 452 24 519 216
1
person 0.99 453 26 519 215
1
person 0.99 453 26 520 215
1
person 0.99 452 26 521 215
1
person 0.98 452 26 522 217
1
person 0.98 450 28 525 218
1
person 0.99 450 30 525 215
1
person 0.98 452 28 523 218
1
person 0.98 452 28 523 219
1
person 0.98 452 29 522 217
1
person 0.99 451 30 524 217
1
person 0.99 452 30 524 216
1
person 0.99 452 28 523 218
1
person 0.99 452 32 524 216
1
person 0.99 452 33 524 215
1
person 0.99 453 31 524 217
1
person 0.99 453 32 523 215
1
person 0.98 454 30 522 216
1
person 0.98 453 32 524 214
1
person 0.98 453 30 523 216
1
person 0.98 454 31 523 216
1
person 0.98 451 27 524 219
1
person 0.98 453 30 524 217
1
person 0.98 451 32 525 215
1
person 0.98 452 32 525 214
1
person 0.98 453 31 524 215
1
person 0.98 452 32 524 214
1
person 0.98 450 30 525 217
1
person 0.98 450 33 526 215
1
person 0.98 449 29 526 219
1
person 0.98 450 32 526 217
1
person 0.98 451 32 526 217
1
person 0.98 450 33 526 216
1
person 0.97 451 34 526 216
1
person 0.97 451 30 525 219
1
person 0.97 451 30 523 219
1
person 0.98 453 34 523 215
1
person 0.98 454 36 524 215
1
person 0.98 453 36 524 214
1
person 0.98 453 35 524 214
1
person 0.98 454 36 523 212
1
person 0.98 454 33 523 215
1
person 0.99 454 34 521 212
1
person 0.99 454 35 520 211
1
person 0.99 454 35 520 211
1
person 0.99 452 39 523 208
1
person 0.99 453 39 522 207
1
person 0.99 452 38 521 207
1
person 0.99 452 36 520 209
1
person 0.99 451 39 522 206
1
person 0.99 449 39 522 206
1
person 0.99 449 40 521 205
1
person 0.99 446 39 523 207
1
person 0.99 443 37 525 209
1
person 0.99 441 36 527 213
1
person 0.99 439 42 529 208
1
person 1.00 439 44 528 205
1
person 1.00 439 44 528 205
1
person 1.00 441 43 528 206
1
person 0.99 443 42 527 205
2
person 0.30 399 8 444 136
person 0.99 444 41 526 206
1
person 0.99 445 38 526 208
1
person 0.99 446 39 526 207
1
person 0.99 446 38 525 208
2
person 0.40 401 3 441 142
person 0.99 446 38 526 208
2
person 0.43 399 3 442 141
person 0.99 445 36 526 208
2
person 0.61 400 9 441 134
person 0.99 445 36 528 208
2
person 0.60 399 10 442 133
person 0.99 444 35 527 208
2
person 0.49 399 8 441 134
person 0.99 444 35 527 208
2
person 0.54 399 8 441 134
person 0.99 444 35 527 209
2
person 0.55 399 9 442 134
person 0.99 443 34 528 210
2
person 0.48 398 8 442 134
person 0.99 444 34 528 210
2
person 0.48 379 2 455 141
person 0.99 445 33 528 211
2
person 0.60 379 5 455 138
person 0.99 446 33 527 209
2
person 0.61 379 5 455 137
person 0.99 447 32 527 211
2
person 0.60 379 6 455 136
person 0.99 447 32 527 211
2
person 0.63 378 8 456 136
person 0.99 446 31 527 212
2
person 0.65 376 11 458 133
person 0.99 446 30 526 213
2
person 0.68 377 8 456 135
person 0.99 447 28 526 214
2
person 0.52 378 10 454 133
person 0.99 445 29 528 213
3
person 0.46 268 91 331 262
person 0.58 379 12 453 131
person 0.99 444 28 529 214
3
person 0.44 268 91 331 263
person 0.59 379 12 453 131
person 0.99 444 28 529 214
2
person 0.66 380 12 451 131
person 0.99 447 26 526 216
2
person 0.40 378 8 451 135
person 0.99 449 25 524 217
2
person 0.65 382 12 447 132
person 0.99 449 26 523 216
2
person 0.39 380 11 447 132
person 0.99 450 25 522 217
2
person 0.32 269 62 333 288
person 0.99 451 27 522 215
2
person 0.33 269 62 333 288
person 0.99 451 27 522 215
1
person 0.99 451 28 521 215
1
person 0.99 453 26 518 217
1
person 0.99 452 28 519 215
1
person 0.99 452 28 519 215
1
person 0.99 453 29 519 213
1
person 0.99 453 29 518 214
1
person 0.99 452 28 519 215
1
person 0.99 452 27 519 216
1
person 0.99 451 30 521 213
1
person 0.99 450 32 521 210
1
person 0.99 449 34 522 208
1
person 0.99 449 34 522 208
1
person 0.99 450 33 521 209
1
person 0.99 449 34 522 209
1
person 0.99 450 34 522 209
1
person 0.99 450 34 522 209
1
person 0.99 450 31 522 212
1
person 0.99 450 31 522 212
1
person 0.99 448 33 523 210
1
person 0.99 447 35 524 208
1
person 0.99 447 37 524 207
1
person 0.99 447 36 523 208
1
person 0.99 448 37 522 208
1
person 0.99 448 36 522 208
1
person 0.99 447 40 524 205
1
person 0.99 446 40 525 204
1
person 0.99 446 39 524 205
1
person 0.99 446 38 523 206
1
person 0.99 447 36 523 207
1
person 0.99 447 36 523 208
1
person 0.99 448 34 524 209
1
person 0.99 447 36 525 207
1
person 0.99 447 37 524 206
1
person 0.99 448 37 522 207
1
person 0.99 449 35 523 208
1
person 0.99 449 35 523 208
1
person 0.99 450 35 522 208
1
person 0.99 450 38 523 206
1
person 0.99 449 36 524 208
1
person 0.99 449 37 524 206
1
person 0.99 450 38 523 205
1
person 0.99 450 38 523 205
1
person 0.99 450 39 523 204
1
person 0.99 449 42 524 202
1
person 0.99 448 43 524 201
1
person 0.99 448 43 524 201
1
person 0.99 449 40 524 203
1
person 0.99 449 41 524 202
1
person 0.99 447 42 525 202
1
person 0.99 449 40 522 204
1
person 0.99 448 42 523 203
1
person 0.99 448 40 524 205
1
person 0.99 447 40 524 204
1
person 0.99 446 40 524 204
1
person 0.99 446 41 525 203
1
person 0.99 448 38 523 206
1
person 0.99 449 36 521 208
1
person 0.99 450 36 521 208
1
person 0.99 449 36 521 209
1
person 0.99 449 36 522 209
1
person 0.99 447 38 523 208
1
person 0.99 446 37 524 210
1
person 0.99 445 39 525 209
1
person 0.99 445 39 525 208
1
person 0.99 445 36 524 209
1
person 0.99 445 36 524 209
